,Col0,Col1,Col2,Col3,Col4,Col5
0,0.0,1.0,0.9939890597936649,0.9869999999999999,42.45216069830671,0.6500000000000001
1,0.7089970219169818,1.0,2.037048566056097,0.7789999999999999,23.182935029980833,0.6500000000000001
2,0.8182730936712306,0.9960000000000001,3.0262817309169003,0.6170000000000001,22.935932565513497,0.6500000000000001
3,1.2379385565943004,0.9490000000000001,4.029041843509239,0.48600000000000004,17.681642619665602,0.6500000000000001
4,1.4207840858431648,0.9400000000000001,5.034171386036796,0.399,16.374311475315658,0.6500000000000001
5,1.7598473249168507,0.85,5.97279747146959,0.332,14.446433517375226,0.6500000000000001
6,2.0685323872356545,0.776,6.921914296124915,0.303,13.532030157601998,0.6500000000000001
7,2.3127131160925924,0.738,7.899833151900863,0.28,10.956601472333,0.6500000000000001
8,2.454193935746823,0.6679999999999999,8.929081935478496,0.207,13.638959307271222,0.6500000000000001
9,2.8581733774387947,0.642,10.050193071774542,0.19699999999999998,12.013060689948201,0.6500000000000001
10,3.5405575739750135,0.54,11.011978303266137,0.18299999999999997,9.697782444298884,0.6500000000000001
11,4.024018585586606,0.48599999999999993,11.820353813586218,0.164,10.05766854931164,0.6500000000000001
12,4.098350484356816,0.45999999999999996,12.944833644341504,0.15899999999999997,9.186358568538775,0.6500000000000001
13,4.019406235313014,0.495,13.677942112355804,0.14699999999999996,9.470291519789239,0.6500000000000001
14,3.628397204215928,0.5660000000000001,15.348907325515995,0.13399999999999998,8.912998459957352,0.6500000000000001
15,3.3362235677425205,0.586,16.58908497370908,0.123,8.373861707898339,0.6500000000000001
16,3.0748363639757224,0.564,16.622732418236936,0.10400000000000001,7.35004516415925,0.6500000000000001
17,3.0243733874804977,0.548,18.341176115386798,0.10700000000000003,7.928789140070846,0.6500000000000001
18,3.346126229320581,0.5840000000000001,18.895355998752635,0.099,7.655688586634345,0.6500000000000001
19,3.8575632081185867,0.556,19.792356318588823,0.1,7.972088444455745,0.6500000000000001
20,4.616378047081708,0.524,21.167611196622968,0.10499999999999998,6.84963496238295,0.6500000000000001
21,5.372377777547343,0.4619999999999999,22.29305611984413,0.09,6.14895669722448,0.6500000000000001
22,6.182113317272857,0.49400000000000005,22.991583109496343,0.081,6.345444156829855,0.6500000000000001
23,7.1348488600770805,0.429,24.12072162764074,0.09499999999999999,6.613144323451161,0.6500000000000001
24,7.716312083803001,0.441,24.549456085844106,0.088,5.845403964622842,0.6500000000000001
25,8.741934688223537,0.347,26.25237752319108,0.096,5.723866834572112,0.6500000000000001
26,9.702517789409766,0.29300000000000004,26.992492828560227,0.07499999999999998,6.834347078040272,0.6500000000000001
27,10.423388923132315,0.244,28.500228353882015,0.06999999999999999,5.8562566550446284,0.6500000000000001
28,11.217130987071219,0.24500000000000002,29.592385361717056,0.077,5.186958671731321,0.6500000000000001
29,12.029774703774494,0.174,30.239502289782063,0.08,5.392427710857257,0.6500000000000001
30,12.784386644112914,0.16699999999999998,31.345800857439816,0.051000000000000004,5.4648328150569,0.6500000000000001
31,13.462543379593669,0.14500000000000002,32.00879894331151,0.064,6.115381417159047,0.6500000000000001
32,14.084520246833856,0.142,32.93610328227406,0.074,4.895535646300552,0.6500000000000001
33,14.694815171335609,0.12600000000000003,34.11428565096752,0.049,5.5524652156975085,0.6580000000000001
34,15.195629839404173,0.127,35.131032939045475,0.06,5.736931032473384,0.6580000000000001
35,15.646558264713935,0.144,36.0920593279403,0.05700000000000001,5.1072459187797685,0.6540000000000001
36,16.063711914395505,0.11599999999999996,38.04778126091103,0.05900000000000001,4.797337600336041,0.662
37,16.536801282848252,0.12400000000000003,37.940275184349034,0.055999999999999994,4.16685526393872,0.66
38,16.677478259738393,0.118,38.917843169073066,0.049,4.580678805632877,0.6639999999999999
39,16.88791851904391,0.14299999999999996,38.329935608601524,0.039999999999999994,4.0805079521425185,0.656
40,17.067286398924544,0.13599999999999998,41.052029609600325,0.052000000000000005,4.582087401106726,0.6620000000000001
41,17.359114079730823,0.198,41.57768245950306,0.069,4.1416664827345215,0.6580000000000001
42,17.426181588169566,0.18599999999999997,42.59960372402362,0.049,4.213087980317996,0.656
43,17.555686702233817,0.24099999999999996,43.74822395401551,0.048999999999999995,4.318152628381177,0.6600000000000001
44,17.632928108541375,0.22799999999999998,45.14529985375068,0.039,4.34680652948577,0.662
45,17.677935929020375,0.27999999999999997,45.783233374227066,0.048999999999999995,4.611095555982267,0.6580000000000001
46,17.556339223747706,0.31100000000000005,47.67131071262109,0.041999999999999996,4.329165531675345,0.6639999999999999
47,17.676911996123987,0.437,48.559593465068446,0.038,4.23610872550464,0.66
48,17.77594338464815,0.398,48.928466107129964,0.044,3.712966428508296,0.664
49,17.703064392610024,0.51,50.03496375574969,0.046,3.765753891227343,0.6580000000000001
50,17.673052820329765,0.5090000000000001,49.474526996103336,0.048,3.5832799336263625,0.6580000000000001
51,17.7150174231028,0.5980000000000001,53.93040925547765,0.045,3.953885019134174,0.664
52,17.74481118840444,0.6290000000000001,53.07318609441326,0.045,3.543165773905328,0.66
53,17.70658354750277,0.6050000000000001,55.0298222344539,0.041999999999999996,3.636979715281302,0.6560000000000001
54,17.797837638995052,0.6500000000000001,55.407317589908075,0.03899999999999999,3.3176483193214574,0.662
55,17.8277010769229,0.6320000000000001,55.89534626745342,0.036,2.915611289980664,0.6600000000000001
56,17.69865968721242,0.6270000000000001,56.45652533303822,0.031000000000000007,4.004470797296766,0.6540000000000001
57,17.755325599148502,0.6500000000000001,58.69094233029303,0.039,2.9992810197631194,0.662
58,17.691838244108684,0.6500000000000001,58.87332731145373,0.044,2.9348755250086422,0.66
59,17.616705533459694,0.6330000000000001,59.44456635733279,0.024000000000000004,3.247351704895563,0.658
60,17.66661906521137,0.6500000000000001,61.00322719885569,0.043,2.6564093947432306,0.66
61,17.766035030660273,0.6500000000000001,62.27321185572147,0.038,2.8210071838080766,0.6580000000000001
62,17.716115255011733,0.6500000000000001,63.49527927069397,0.033,2.7097694000199555,0.66
63,17.805225697464927,0.6500000000000001,64.44212523651088,0.024000000000000004,2.4876451736303786,0.656
64,17.684839529097754,0.6500000000000001,65.90105479771431,0.022,2.9573985401899936,0.658
65,17.694748491392538,0.6500000000000001,65.37744017890786,0.029000000000000005,2.7058577342493946,0.662
66,17.858131672587707,0.6500000000000001,67.67516454216077,0.033,2.6069622325259942,0.8880000000000001
67,17.64126594905688,0.6500000000000001,67.13736844951012,0.037,2.2461007516295837,0.8940000000000001
68,17.74460316399007,0.6500000000000001,68.78543834892633,0.028000000000000004,2.295848308888166,0.898
69,17.71604472714489,0.6500000000000001,70.16241872717488,0.022000000000000002,2.218427672473191,0.8960000000000002
70,17.659156229116192,0.6500000000000001,70.08301898096829,0.039,2.3620960705533554,0.9040000000000001
71,17.771677236162624,0.6500000000000001,72.30040954838026,0.026000000000000002,2.428488073921289,0.9139999999999999
72,17.727844391754623,0.6500000000000001,71.05619408274424,0.032,2.3129985277838268,0.9020000000000001
73,17.732682579606834,0.6500000000000001,76.06493638769739,0.032,1.9763540674598001,0.913
74,17.796122066103997,0.6500000000000001,75.39680726783885,0.023999999999999997,2.1902714056431862,0.908
75,17.87794101411928,0.6500000000000001,75.56356759327463,0.028000000000000004,1.9380420970137444,0.915
76,17.676912403338036,0.6500000000000001,77.00456358026784,0.027000000000000003,2.1352018437427365,0.914
77,17.803550163598565,0.6500000000000001,79.27005816456575,0.028000000000000004,2.2515385075716723,0.922
78,17.806355339354525,0.6500000000000001,80.44463267107123,0.022,1.9198074326524277,0.9359999999999999
79,17.88758620189165,0.6500000000000001,79.74668680443271,0.03200000000000001,1.7045588313977997,0.9269999999999999
80,17.681574434218668,0.6500000000000001,79.19745612354991,0.03,1.5341856045418176,0.9339999999999998
81,17.827787992972695,0.6500000000000001,81.21843581930072,0.033,1.505247386399557,0.9450000000000001
82,17.783361819372963,0.6500000000000001,82.82920297902037,0.021,1.9462140522076694,0.938
83,17.572848564511435,0.6500000000000001,82.49690355495167,0.025,1.5150669988731842,0.9490000000000002
84,17.723336322667045,0.6500000000000001,81.64823461265036,0.029000000000000005,1.4752620387234774,0.9469999999999998
85,17.831030509120097,0.6500000000000001,83.07408184984648,0.023,1.4513579678817572,0.9550000000000001
86,17.70669166323032,0.6500000000000001,87.9045891159896,0.022,1.4241776274046978,0.959
87,17.824921815501597,0.6500000000000001,91.26309951761431,0.017,1.3438712847930212,0.9600000000000002
88,17.826599996306093,0.6500000000000001,88.46430497500748,0.023,1.42878022860849,0.961
89,17.78498933559855,0.6500000000000001,87.8275915108023,0.033,1.1769925201880558,0.9689999999999998
90,17.760264498570823,0.6500000000000001,91.68193001652462,0.031999999999999994,1.2256689219644294,0.962
91,17.71523141087927,0.6500000000000001,91.49404779174571,0.02,1.1054092193470608,0.9770000000000003
92,17.794983206376152,0.6500000000000001,91.87931413713349,0.019,1.3703070403116324,0.967
93,17.819535767916328,0.6500000000000001,90.8846679200645,0.016000000000000004,0.836310468563787,0.984
94,17.733316709716576,0.6500000000000001,94.6943376374546,0.02899999999999999,0.801462153497887,0.9890000000000001
95,17.824094699378982,0.6500000000000001,95.58377304294417,0.026000000000000002,0.7310579369866089,0.9890000000000001
96,17.680442385081967,0.6500000000000001,95.67136555241841,0.018,0.6944495092465315,0.9890000000000001
97,17.799225985139536,0.6500000000000001,100.85999489331358,0.026000000000000002,0.46481342077873417,0.9950000000000001
98,17.789998815200498,0.6500000000000001,99.95352076414255,0.02,0.3396654207312547,0.9970000000000001
99,17.71124961416326,0.6500000000000001,97.8280774553152,0.023,0.0,1.0
